1)       [17]   --->     [17],                                          in: [17], out: []
2)       [12]   --->     [17, 12],                                      in: [12], out: []
3)       [9]    --->     [17, 12, 9],                                   in: [9], out: []
4)       [14]   --->     [17, 12, 9, 14],                               in: [14], out: []
5)       [8]    --->     [17, 12, 9, 14, 8],                            in: [8], out: []
6)       [5]    --->     [17, 12, 9, 14, 8, 5],                         in: [5], out: []
7)       [1]    --->     [17, 12, 9, 14, 8, 5, 1],                      in: [1], out: []
8)       [19]   --->     [17, 12, 9, 14, 8, 5, 1, 19],                  in: [19], out: []
9)       [17]   --->     [17, 12, 9, 14, 8, 5, 1, 19, 17],              in: [17], out: []
10)      [16]   --->     [17, 12, 9, 14, 8, 5, 1, 19, 17, 16],          in: [16], out: []
11)      [15]   --->     [17, 12, 9, 14, 8, 5, 1, 19, 17, 16, 15],      in: [15], out: []
12)      [5]    --->     [17, 12, 9, 14, 8, 5, 1, 19, 17, 16, 15, 5],   in: [5], out: []
13)      [9]    --->     [17, 12, 9, 14, 8, 5, 1, 19, 17, 16, 15, 5],   in: [], out: []
14)      [18]   --->     [12, 9, 14, 8, 5, 1, 19, 17, 16, 15, 5, 18],   in: [18], out: [17]
15)      [9]    --->     [12, 9, 14, 8, 5, 1, 19, 17, 16, 15, 5, 18],   in: [], out: []
16)      [4]    --->     [9, 14, 8, 5, 1, 19, 17, 16, 15, 5, 18, 4],    in: [4], out: [12]
17)      [5]    --->     [9, 14, 8, 5, 1, 19, 17, 16, 15, 5, 18, 4],    in: [], out: []
18)      [4]    --->     [9, 14, 8, 5, 1, 19, 17, 16, 15, 5, 18, 4],    in: [], out: []
19)      [9]    --->     [9, 14, 8, 5, 1, 19, 17, 16, 15, 5, 18, 4],    in: [], out: []
20)      [12]   --->     [9, 8, 5, 1, 19, 17, 16, 15, 5, 18, 4, 12],    in: [12], out: [14]
21)      [15]   --->     [9, 8, 5, 1, 19, 17, 16, 15, 5, 18, 4, 12],    in: [], out: []
22)      [5]    --->     [9, 8, 5, 1, 19, 17, 16, 15, 5, 18, 4, 12],    in: [], out: []
23)      [9]    --->     [9, 8, 5, 1, 19, 17, 16, 15, 5, 18, 4, 12],    in: [], out: []
24)      [14]   --->     [9, 5, 1, 19, 17, 16, 15, 5, 18, 4, 12, 14],   in: [14], out: [8]
25)      [10]   --->     [9, 5, 19, 17, 16, 15, 5, 18, 4, 12, 14, 10],  in: [10], out: [1]
26)      [6]    --->     [9, 5, 17, 16, 15, 5, 18, 4, 12, 14, 10, 6],   in: [6], out: [19]
27)      [13]   --->     [9, 5, 16, 15, 5, 18, 4, 12, 14, 10, 6, 13],   in: [13], out: [17]
28)      [1]    --->     [9, 5, 15, 5, 18, 4, 12, 14, 10, 6, 13, 1],    in: [1], out: [16]
29)      [7]    --->     [9, 5, 15, 18, 4, 12, 14, 10, 6, 13, 1, 7],    in: [7], out: [5]
30)      [12]   --->     [9, 5, 15, 18, 4, 12, 14, 10, 6, 13, 1, 7],    in: [], out: []
31)      [16]   --->     [9, 5, 15, 4, 12, 14, 10, 6, 13, 1, 7, 16],    in: [16], out: [18]
32)      [12]   --->     [9, 5, 15, 4, 12, 14, 10, 6, 13, 1, 7, 16],    in: [], out: []
33)      [13]   --->     [9, 5, 15, 4, 12, 14, 10, 6, 13, 1, 7, 16],    in: [], out: []
34)      [19]   --->     [9, 5, 15, 12, 14, 10, 6, 13, 1, 7, 16, 19],   in: [19], out: [4]
35)      [10]   --->     [9, 5, 15, 12, 14, 10, 6, 13, 1, 7, 16, 19],   in: [], out: []
36)      [16]   --->     [9, 5, 15, 12, 14, 10, 6, 13, 1, 7, 16, 19],   in: [], out: []
37)      [13]   --->     [9, 5, 15, 12, 14, 10, 6, 13, 1, 7, 16, 19],   in: [], out: []
38)      [16]   --->     [9, 5, 15, 12, 14, 10, 6, 13, 1, 7, 16, 19],   in: [], out: []
39)      [1]    --->     [9, 5, 15, 12, 14, 10, 6, 13, 1, 7, 16, 19],   in: [], out: []
40)      [19]   --->     [9, 5, 15, 12, 14, 10, 6, 13, 1, 7, 16, 19],   in: [], out: []
41)      [10]   --->     [9, 5, 15, 12, 14, 10, 6, 13, 1, 7, 16, 19],   in: [], out: []
42)      [9]    --->     [9, 5, 15, 12, 14, 10, 6, 13, 1, 7, 16, 19],   in: [], out: []
43)      [7]    --->     [9, 5, 15, 12, 14, 10, 6, 13, 1, 7, 16, 19],   in: [], out: []
44)      [19]   --->     [9, 5, 15, 12, 14, 10, 6, 13, 1, 7, 16, 19],   in: [], out: []
45)      [7]    --->     [9, 5, 15, 12, 14, 10, 6, 13, 1, 7, 16, 19],   in: [], out: []
46)      [4]    --->     [9, 15, 12, 14, 10, 6, 13, 1, 7, 16, 19, 4],   in: [4], out: [5]
47)      [17]   --->     [9, 12, 14, 10, 6, 13, 1, 7, 16, 19, 4, 17],   in: [17], out: [15]
48)      [9]    --->     [9, 12, 14, 10, 6, 13, 1, 7, 16, 19, 4, 17],   in: [], out: []
49)      [2]    --->     [9, 12, 10, 6, 13, 1, 7, 16, 19, 4, 17, 2],    in: [2], out: [14]

Количество замен: 26