1)       [17]   --->     [17],                          in: [17], out: []
2)       [12]   --->     [17, 12],                      in: [12], out: []
3)       [9]    --->     [17, 12, 9],                   in: [9], out: []
4)       [14]   --->     [17, 12, 9, 14],               in: [14], out: []
5)       [8]    --->     [17, 12, 9, 14, 8],            in: [8], out: []
6)       [5]    --->     [17, 12, 9, 14, 8, 5],         in: [5], out: []
7)       [1]    --->     [12, 9, 14, 8, 5, 1],          in: [1], out: [17]
8)       [19]   --->     [9, 14, 8, 5, 1, 19],          in: [19], out: [12]
9)       [17]   --->     [14, 8, 5, 1, 19, 17],         in: [17], out: [9]
10)      [16]   --->     [8, 5, 1, 19, 17, 16],         in: [16], out: [14]
11)      [15]   --->     [5, 1, 19, 17, 16, 15],        in: [15], out: [8]
12)      [5]    --->     [5, 1, 19, 17, 16, 15],        in: [], out: []
13)      [9]    --->     [5, 19, 17, 16, 15, 9],        in: [9], out: [1]
14)      [18]   --->     [5, 17, 16, 15, 9, 18],        in: [18], out: [19]
15)      [9]    --->     [5, 17, 16, 15, 9, 18],        in: [], out: []
16)      [4]    --->     [5, 16, 15, 9, 18, 4],         in: [4], out: [17]
17)      [5]    --->     [5, 16, 15, 9, 18, 4],         in: [], out: []
18)      [4]    --->     [5, 16, 15, 9, 18, 4],         in: [], out: []
19)      [9]    --->     [5, 16, 15, 9, 18, 4],         in: [], out: []
20)      [12]   --->     [5, 15, 9, 18, 4, 12],         in: [12], out: [16]
21)      [15]   --->     [5, 15, 9, 18, 4, 12],         in: [], out: []
22)      [5]    --->     [5, 15, 9, 18, 4, 12],         in: [], out: []
23)      [9]    --->     [5, 15, 9, 18, 4, 12],         in: [], out: []
24)      [14]   --->     [5, 15, 9, 4, 12, 14],         in: [14], out: [18]
25)      [10]   --->     [5, 15, 9, 12, 14, 10],        in: [10], out: [4]
26)      [6]    --->     [15, 9, 12, 14, 10, 6],        in: [6], out: [5]
27)      [13]   --->     [9, 12, 14, 10, 6, 13],        in: [13], out: [15]
28)      [1]    --->     [12, 14, 10, 6, 13, 1],        in: [1], out: [9]
29)      [7]    --->     [14, 10, 6, 13, 1, 7],         in: [7], out: [12]
30)      [12]   --->     [10, 6, 13, 1, 7, 12],         in: [12], out: [14]
31)      [16]   --->     [6, 13, 1, 7, 12, 16],         in: [16], out: [10]
32)      [12]   --->     [6, 13, 1, 7, 12, 16],         in: [], out: []
33)      [13]   --->     [6, 13, 1, 7, 12, 16],         in: [], out: []
34)      [19]   --->     [13, 1, 7, 12, 16, 19],        in: [19], out: [6]
35)      [10]   --->     [13, 7, 12, 16, 19, 10],       in: [10], out: [1]
36)      [16]   --->     [13, 7, 12, 16, 19, 10],       in: [], out: []
37)      [13]   --->     [13, 7, 12, 16, 19, 10],       in: [], out: []
38)      [16]   --->     [13, 7, 12, 16, 19, 10],       in: [], out: []
39)      [1]    --->     [13, 12, 16, 19, 10, 1],       in: [1], out: [7]
40)      [19]   --->     [13, 12, 16, 19, 10, 1],       in: [], out: []
41)      [10]   --->     [13, 12, 16, 19, 10, 1],       in: [], out: []
42)      [9]    --->     [13, 16, 19, 10, 1, 9],        in: [9], out: [12]
43)      [7]    --->     [16, 19, 10, 1, 9, 7],         in: [7], out: [13]
44)      [19]   --->     [16, 19, 10, 1, 9, 7],         in: [], out: []
45)      [7]    --->     [16, 19, 10, 1, 9, 7],         in: [], out: []
46)      [4]    --->     [19, 10, 1, 9, 7, 4],          in: [4], out: [16]
47)      [17]   --->     [19, 1, 9, 7, 4, 17],          in: [17], out: [10]
48)      [9]    --->     [19, 1, 9, 7, 4, 17],          in: [], out: []
49)      [2]    --->     [19, 9, 7, 4, 17, 2],          in: [2], out: [1]


Количество замен страниц: 31