1)       [17]   --->     [17],                                          in: [17], out: []
2)       [12]   --->     [17, 12],                                      in: [12], out: []
3)       [9]    --->     [17, 12, 9],                                   in: [9], out: []
4)       [14]   --->     [17, 12, 9, 14],                               in: [14], out: []
5)       [8]    --->     [17, 12, 9, 14, 8],                            in: [8], out: []
6)       [5]    --->     [17, 12, 9, 14, 8, 5],                         in: [5], out: []
7)       [1]    --->     [17, 12, 9, 14, 8, 5, 1],                      in: [1], out: []
8)       [19]   --->     [17, 12, 9, 14, 8, 5, 1, 19],                  in: [19], out: []
9)       [17]   --->     [17, 12, 9, 14, 8, 5, 1, 19, 17],              in: [17], out: []
10)      [16]   --->     [17, 12, 9, 14, 8, 5, 1, 19, 17, 16],          in: [16], out: []
11)      [15]   --->     [17, 12, 9, 14, 8, 5, 1, 19, 17, 16, 15],      in: [15], out: []
12)      [5]    --->     [17, 12, 9, 14, 8, 5, 1, 19, 17, 16, 15, 5],   in: [5], out: []
13)      [9]    --->     [17, 12, 9, 14, 8, 5, 1, 19, 17, 16, 15, 5],   in: [], out: []
14)      [18]   --->     [17, 12, 9, 14, 5, 1, 19, 17, 16, 15, 5, 18],  in: [18], out: [8]
15)      [9]    --->     [17, 12, 9, 14, 5, 1, 19, 17, 16, 15, 5, 18],  in: [], out: []
16)      [4]    --->     [17, 12, 9, 14, 5, 1, 19, 17, 16, 15, 5, 4],   in: [4], out: [18]
17)      [5]    --->     [17, 12, 9, 14, 5, 1, 19, 17, 16, 15, 5, 4],   in: [], out: []
18)      [4]    --->     [17, 12, 9, 14, 5, 1, 19, 17, 16, 15, 5, 4],   in: [], out: []
19)      [9]    --->     [17, 12, 9, 14, 5, 1, 19, 17, 16, 15, 5, 4],   in: [], out: []
20)      [12]   --->     [17, 12, 9, 14, 5, 1, 19, 17, 16, 15, 5, 4],   in: [], out: []
21)      [15]   --->     [17, 12, 9, 14, 5, 1, 19, 17, 16, 15, 5, 4],   in: [], out: []
22)      [5]    --->     [17, 12, 9, 14, 5, 1, 19, 17, 16, 15, 5, 4],   in: [], out: []
23)      [9]    --->     [17, 12, 9, 14, 5, 1, 19, 17, 16, 15, 5, 4],   in: [], out: []
24)      [14]   --->     [17, 12, 9, 14, 5, 1, 19, 17, 16, 15, 5, 4],   in: [], out: []
25)      [10]   --->     [17, 12, 9, 5, 1, 19, 17, 16, 15, 5, 4, 10],   in: [10], out: [14]
26)      [6]    --->     [17, 12, 9, 1, 19, 17, 16, 15, 5, 4, 10, 6],   in: [6], out: [5]
27)      [13]   --->     [17, 12, 9, 1, 19, 17, 16, 5, 4, 10, 6, 13],   in: [13], out: [15]
28)      [1]    --->     [17, 12, 9, 1, 19, 17, 16, 5, 4, 10, 6, 13],   in: [], out: []
29)      [7]    --->     [17, 12, 9, 1, 19, 17, 16, 4, 10, 6, 13, 7],   in: [7], out: [5]
30)      [12]   --->     [17, 12, 9, 1, 19, 17, 16, 4, 10, 6, 13, 7],   in: [], out: []
31)      [16]   --->     [17, 12, 9, 1, 19, 17, 16, 4, 10, 6, 13, 7],   in: [], out: []
32)      [12]   --->     [17, 12, 9, 1, 19, 17, 16, 4, 10, 6, 13, 7],   in: [], out: []
33)      [13]   --->     [17, 12, 9, 1, 19, 17, 16, 4, 10, 6, 13, 7],   in: [], out: []
34)      [19]   --->     [17, 12, 9, 1, 19, 17, 16, 4, 10, 6, 13, 7],   in: [], out: []
35)      [10]   --->     [17, 12, 9, 1, 19, 17, 16, 4, 10, 6, 13, 7],   in: [], out: []
36)      [16]   --->     [17, 12, 9, 1, 19, 17, 16, 4, 10, 6, 13, 7],   in: [], out: []
37)      [13]   --->     [17, 12, 9, 1, 19, 17, 16, 4, 10, 6, 13, 7],   in: [], out: []
38)      [16]   --->     [17, 12, 9, 1, 19, 17, 16, 4, 10, 6, 13, 7],   in: [], out: []
39)      [1]    --->     [17, 12, 9, 1, 19, 17, 16, 4, 10, 6, 13, 7],   in: [], out: []
40)      [19]   --->     [17, 12, 9, 1, 19, 17, 16, 4, 10, 6, 13, 7],   in: [], out: []
41)      [10]   --->     [17, 12, 9, 1, 19, 17, 16, 4, 10, 6, 13, 7],   in: [], out: []
42)      [9]    --->     [17, 12, 9, 1, 19, 17, 16, 4, 10, 6, 13, 7],   in: [], out: []
43)      [7]    --->     [17, 12, 9, 1, 19, 17, 16, 4, 10, 6, 13, 7],   in: [], out: []
44)      [19]   --->     [17, 12, 9, 1, 19, 17, 16, 4, 10, 6, 13, 7],   in: [], out: []
45)      [7]    --->     [17, 12, 9, 1, 19, 17, 16, 4, 10, 6, 13, 7],   in: [], out: []
46)      [4]    --->     [17, 12, 9, 1, 19, 17, 16, 4, 10, 6, 13, 7],   in: [], out: []
47)      [17]   --->     [17, 12, 9, 1, 19, 17, 16, 4, 10, 6, 13, 7],   in: [], out: []
48)      [9]    --->     [17, 12, 9, 1, 19, 17, 16, 4, 10, 6, 13, 7],   in: [], out: []
49)      [2]    --->     [12, 9, 1, 19, 17, 16, 4, 10, 6, 13, 7, 2],    in: [2], out: [17]

Количество замен: 19

Самый лучший page fault % = 0.367346938775510, при количестве кадров = 10 или 11
Если не считать статистику при добалении, тогда page fault % =~ 5% при количестве кадров = 26 или 27